LU decomposition method:
x0=0.12735568003723727
x1=0.05205849554015761
x2=-0.16851184887356171
x3=-0.10555189565059994

