LU decomposition method:
x0=0.19865032808917701
x1=0.2028021187445648
x2=-0.1828207763459562

