LU decomposition method:
x0=1.1910415321051067
x1=1.6644111586134775
x2=0.8774233896185116

